acids,helix,acid_num
GLY,0.0,1
PRO,0.0,4
LEU,0.0,3
GLY,0.0,1
SER,1.0,14
PRO,1.0,4
GLU,1.0,10
PHE,1.0,6
GLY,1.0,1
VAL,1.0,5
LYS,1.0,13
VAL,1.0,5
PRO,1.0,4
ARG,1.0,11
ASN,1.0,18
PHE,1.0,6
ARG,1.0,11
LEU,1.0,3
LEU,1.0,3
GLU,1.0,10
GLU,0.0,10
LEU,0.0,3
GLU,0.0,10
GLU,0.0,10
GLY,0.0,1
GLN,0.0,19
LYS,0.0,13
GLY,0.0,1
VAL,0.0,5
GLY,0.0,1
ASP,0.0,9
GLY,0.0,1
THR,0.0,15
VAL,0.0,5
SER,0.0,14
TRP,0.0,7
GLY,0.0,1
LEU,0.0,3
GLU,0.0,10
ASP,0.0,9
ASP,0.0,9
GLU,0.0,10
ASP,0.0,9
MET,0.0,17
THR,0.0,15
LEU,0.0,3
THR,0.0,15
ARG,0.0,11
TRP,0.0,7
THR,0.0,15
GLY,0.0,1
MET,0.0,17
ILE,0.0,2
ILE,0.0,2
GLY,0.0,1
PRO,0.0,4
PRO,0.0,4
ARG,0.0,11
THR,0.0,15
ASN,0.0,18
TYR,0.0,8
GLU,0.0,10
ASN,0.0,18
ARG,0.0,11
ILE,0.0,2
TYR,0.0,8
SER,0.0,14
LEU,0.0,3
LYS,0.0,13
VAL,0.0,5
GLU,0.0,10
CYS,0.0,16
GLY,0.0,1
PRO,0.0,4
LYS,0.0,13
TYR,0.0,8
PRO,0.0,4
GLU,0.0,10
ALA,0.0,0
PRO,0.0,4
PRO,0.0,4
SER,0.0,14
VAL,0.0,5
ARG,0.0,11
PHE,0.0,6
VAL,0.0,5
THR,0.0,15
LYS,0.0,13
ILE,0.0,2
ASN,0.0,18
MET,0.0,17
ASN,0.0,18
GLY,0.0,1
ILE,1.0,2
ASN,1.0,18
ASN,1.0,18
SER,1.0,14
SER,1.0,14
GLY,1.0,1
MET,1.0,17
VAL,1.0,5
ASP,1.0,9
ALA,1.0,0
ARG,0.0,11
SER,0.0,14
ILE,0.0,2
PRO,0.0,4
VAL,0.0,5
LEU,1.0,3
ALA,1.0,0
LYS,1.0,13
TRP,1.0,7
GLN,1.0,19
ASN,1.0,18
SER,1.0,14
TYR,1.0,8
SER,1.0,14
ILE,1.0,2
LYS,1.0,13
VAL,1.0,5
VAL,1.0,5
LEU,1.0,3
GLN,1.0,19
GLU,1.0,10
LEU,1.0,3
ARG,1.0,11
ARG,1.0,11
LEU,1.0,3
MET,0.0,17
MET,0.0,17
SER,0.0,14
LYS,0.0,13
GLU,0.0,10
ASN,0.0,18
MET,0.0,17
LYS,0.0,13
LEU,0.0,3
PRO,0.0,4
GLN,0.0,19
PRO,0.0,4
PRO,0.0,4
GLU,0.0,10
GLY,0.0,1
GLN,0.0,19
THR,0.0,15
TYR,0.0,8
ASN,0.0,18
ASN,0.0,18
