acids,helix,acid_num
MET,0.0,17
PRO,0.0,4
PRO,0.0,4
TYR,0.0,8
THR,0.0,15
VAL,0.0,5
VAL,0.0,5
TYR,0.0,8
PHE,0.0,6
PRO,0.0,4
VAL,1.0,5
ARG,1.0,11
GLY,1.0,1
ARG,1.0,11
CYS,1.0,16
ALA,1.0,0
ALA,1.0,0
LEU,1.0,3
ARG,1.0,11
MET,1.0,17
LEU,1.0,3
LEU,1.0,3
ALA,1.0,0
ASP,1.0,9
GLN,0.0,19
GLY,0.0,1
GLN,0.0,19
SER,0.0,14
TRP,0.0,7
LYS,0.0,13
GLU,0.0,10
GLU,0.0,10
VAL,0.0,5
VAL,0.0,5
THR,0.0,15
VAL,0.0,5
GLU,0.0,10
THR,0.0,15
TRP,0.0,7
GLN,0.0,19
GLU,0.0,10
GLY,0.0,1
SER,0.0,14
LEU,0.0,3
LYS,0.0,13
ALA,0.0,0
SER,0.0,14
CYS,0.0,16
LEU,0.0,3
TYR,0.0,8
GLY,0.0,1
GLN,0.0,19
LEU,0.0,3
PRO,0.0,4
LYS,0.0,13
PHE,0.0,6
GLN,0.0,19
ASP,0.0,9
GLY,0.0,1
ASP,0.0,9
LEU,0.0,3
THR,0.0,15
LEU,0.0,3
TYR,1.0,8
GLN,1.0,19
SER,1.0,14
ASN,1.0,18
THR,1.0,15
ILE,1.0,2
LEU,1.0,3
ARG,1.0,11
HIS,1.0,12
LEU,1.0,3
GLY,1.0,1
ARG,1.0,11
THR,1.0,15
LEU,0.0,3
GLY,0.0,1
LEU,0.0,3
TYR,0.0,8
GLY,0.0,1
LYS,1.0,13
ASP,1.0,9
GLN,1.0,19
GLN,1.0,19
GLU,1.0,10
ALA,1.0,0
ALA,1.0,0
LEU,1.0,3
VAL,1.0,5
ASP,1.0,9
MET,1.0,17
VAL,1.0,5
ASN,1.0,18
ASP,1.0,9
GLY,1.0,1
VAL,1.0,5
GLU,1.0,10
ASP,1.0,9
LEU,1.0,3
ARG,1.0,11
CYS,1.0,16
LYS,1.0,13
TYR,1.0,8
ILE,1.0,2
SER,1.0,14
LEU,1.0,3
ILE,1.0,2
TYR,1.0,8
THR,1.0,15
ASN,1.0,18
TYR,1.0,8
GLU,1.0,10
ALA,1.0,0
GLY,1.0,1
LYS,1.0,13
ASP,1.0,9
ASP,1.0,9
TYR,1.0,8
VAL,1.0,5
LYS,1.0,13
ALA,1.0,0
LEU,1.0,3
PRO,1.0,4
GLY,1.0,1
GLN,1.0,19
LEU,1.0,3
LYS,1.0,13
PRO,1.0,4
PHE,1.0,6
GLU,1.0,10
THR,1.0,15
LEU,1.0,3
LEU,1.0,3
SER,1.0,14
GLN,1.0,19
ASN,1.0,18
GLN,1.0,19
GLY,1.0,1
GLY,1.0,1
LYS,0.0,13
THR,0.0,15
PHE,0.0,6
ILE,0.0,2
VAL,0.0,5
GLY,0.0,1
ASP,0.0,9
GLN,0.0,19
ILE,1.0,2
SER,1.0,14
PHE,1.0,6
ALA,1.0,0
ASP,1.0,9
TYR,1.0,8
ASN,1.0,18
LEU,1.0,3
LEU,1.0,3
ASP,1.0,9
LEU,1.0,3
LEU,1.0,3
LEU,1.0,3
ILE,1.0,2
HIS,1.0,12
GLU,1.0,10
VAL,1.0,5
LEU,1.0,3
ALA,0.0,0
PRO,1.0,4
GLY,1.0,1
CYS,1.0,16
LEU,1.0,3
ASP,1.0,9
ALA,1.0,0
PHE,1.0,6
PRO,1.0,4
LEU,1.0,3
LEU,1.0,3
SER,1.0,14
ALA,1.0,0
TYR,1.0,8
VAL,1.0,5
GLY,1.0,1
ARG,1.0,11
LEU,1.0,3
SER,0.0,14
ALA,1.0,0
ARG,1.0,11
PRO,1.0,4
LYS,1.0,13
LEU,1.0,3
LYS,1.0,13
ALA,1.0,0
PHE,1.0,6
LEU,1.0,3
ALA,1.0,0
SER,1.0,14
PRO,1.0,4
GLU,1.0,10
TYR,1.0,8
VAL,1.0,5
ASN,0.0,18
LEU,0.0,3
PRO,0.0,4
ILE,0.0,2
ASN,0.0,18
GLY,0.0,1
ASN,0.0,18
GLY,0.0,1
LYS,0.0,13
GLN,0.0,19
